Name,Start,End,Length
5'UTR,1,14,14
Exon1,1,180,180
Intron1,181,391,211
Exon2,392,582,191
Intron2,583,1436,854
Exon3,1437,1500,64
Intron3,1501,1576,76
Exon4,1577,1708,132
Intron4,1709,1753,45
Exon5,1754,2022,269
Intron5,2023,2079,57
Exon6,2080,2280,201
Intron6,2281,3284,1004
Exon7,3285,3451,167
Intron7,3452,3501,50
Exon8,3502,3665,164
Intron8,3666,3720,55
Exon9,3721,3928,208
Intron9,3929,3981,53
Exon10,3982,4281,300
3'UTR,4034,4281,248
