Name,Start,End,Length
5'UTR,1,14,14
Exon1,1,180,180
Exon2,181,371,191
Exon3,372,435,64
Exon4,436,567,132
Exon5,568,836,269
Exon6,837,1037,201
Exon7,1038,1204,167
Exon8,1205,1368,164
Exon9,1369,1576,208
Exon10,1577,1876,300
3'UTR,1629,1876,248
CDS,15,1628,1614
